# Send Buffer on DEVICE (D) and Receive Buffer on DEVICE (D)
# Size      Bandwidth (MB/s)        Validation
1                       0.13
2                       0.25
4                       0.50
8                       1.01
16                      2.03
32                      4.05
64                      8.12
128                    15.49
256                    31.03
512                    62.00
1024                  121.54
2048                  238.75
4096                  468.30
8192                  885.85
16384                1680.26
32768                2396.20
65536                3632.67
131072               7717.09
262144              10198.47
524288              14658.33
1048576             23346.90
2097152             28533.43
4194304             35493.27
