# Send Buffer on DEVICE (D) and Receive Buffer on DEVICE (D)
# Size      Bandwidth (MB/s)        Validation
1                       0.44
2                       0.88
4                       1.77
8                       3.55
16                      7.10
32                     14.17
64                     28.31
128                    56.48
256                   114.42
512                   226.69
1024                  449.78
2048                  882.75
4096                 1618.84
8192                 2765.31
16384                4556.05
32768                7187.93
65536               12484.23
131072              24460.29
262144              45707.31
524288              67948.29
1048576             92641.09
2097152            114243.41
4194304            139580.44
