# Send Buffer on DEVICE (D) and Receive Buffer on DEVICE (D)
# Size      Bandwidth (MB/s)        Validation
1                       0.04
2                       0.08
4                       0.15
8                       0.33
16                      0.65
32                      1.42
64                      2.72
128                     5.17
256                    10.90
512                    20.17
1024                   36.14
2048                   77.49
4096                  148.69
8192                  301.61
16384                 627.99
32768                 689.17
65536                1508.20
131072               2507.59
262144               3907.71
524288               4443.54
1048576              6791.47
2097152              7687.24
4194304             10173.39
