# Send Buffer on DEVICE (D) and Receive Buffer on DEVICE (D)
# Size      Bandwidth (MB/s)        Validation
1                       0.24
2                       0.49
4                       0.98
8                       1.95
16                      3.92
32                      7.84
64                     15.65
128                    31.22
256                    61.58
512                   121.33
1024                  235.68
2048                  426.54
4096                  734.78
8192                 1528.81
16384                2954.13
32768                4617.48
65536                6383.73
131072              13322.82
262144              26969.74
524288              35479.35
1048576             42839.24
2097152             49379.04
4194304             58221.84
