# Send Buffer on DEVICE (D) and Receive Buffer on DEVICE (D)
# Size          Latency (us)        Validation
1                      24.46
2                      24.47
4                      24.58
8                      24.54
16                     24.57
32                     24.57
64                     24.60
128                    25.72
256                    24.71
512                    24.91
1024                   25.32
2048                   25.99
4096                   27.90
8192                   28.00
16384                  28.11
32768                  29.87
65536                  33.74
131072                 36.85
262144                 38.11
524288                 45.78
1048576                61.88
2097152                92.48
4194304               128.88
