# Send Buffer on DEVICE (D) and Receive Buffer on DEVICE (D)
# Size      Bandwidth (MB/s)        Validation
1                       0.24
2                       0.50
4                       0.99
8                       1.96
16                      3.94
32                      7.87
64                     15.74
128                    31.26
256                    62.20
512                   122.41
1024                  236.21
2048                  427.82
4096                  737.56
8192                 1527.79
16384                2959.15
32768                4619.42
65536                6394.35
131072              13293.05
262144              26767.39
524288              35185.09
1048576             42565.52
2097152             49619.30
4194304             57466.84
