# Send Buffer on DEVICE (D) and Receive Buffer on DEVICE (D)
# Size      Bandwidth (MB/s)        Validation
1                       0.45
2                       0.89
4                       1.79
8                       3.57
16                      7.15
32                     14.28
64                     28.47
128                    56.95
256                   115.03
512                   227.41
1024                  452.52
2048                  890.77
4096                 1612.25
8192                 2737.04
16384                4488.17
32768                7232.83
65536               12464.36
131072              24540.87
262144              45437.23
524288              67531.97
1048576             91926.84
2097152            114201.40
4194304            139732.09
