# Send Buffer on DEVICE (D) and Receive Buffer on DEVICE (D)
# Size          Latency (us)        Validation
1                      27.09
2                      27.07
4                      27.16
8                      27.13
16                     26.84
32                     26.85
64                     27.01
128                    27.73
256                    27.64
512                    27.79
1024                   27.86
2048                   28.06
4096                   28.07
8192                   28.40
16384                  28.91
32768                  34.69
65536                  40.25
131072                 40.23
262144                 46.95
524288                 58.58
1048576                85.58
2097152               128.19
4194304               220.49
